0.001743316782925026
0.0017359667603367547
0.0017287025755047584
0.0017219777156019475
0.0017154910620207939
0.0017091920495072843
0.001703054147592884
0.0016970601884040604
0.0016911977783994221
0.0016854573464975065
0.001679831160721449
0.0016743127725216988
0.001668896675141139
0.0016635780796921287
0.0016583527609335853
0.0016532169468168973
0.001648167236849498
0.0016432005401730103
0.001638314027565516
0.0016335050935422533
0.0016287713259486118
0.0016241104812210654
0.0016195204640114232
0.0016149993102188686
0.0016105451727219248
0.0016061563092740116
0.0016018310721515332
0.0015975678992380948
0.0015933653062918276
0.001589221880200025
0.0015851362730611913
0.0015811071969656716
0.0015771334193709677
0.0015732137589852112
0.0015693470820877227
0.001565532299228365
0.0015617683622542447
0.0015580542616238876
0.0015543890239723458
0.001550771709897577
0.0015472014119419092
0.0015436772527469315
0.0015401983833622812
0.0015367639816919862
0.0015333732510636852
0.0015300254189085625
0.0015267197355402094
0.0015234554730240533
0.0015202319241270387
0.0015170484013415104
0.0015139042359759002
0.0015107987773061878
0.0015077313917833271
0.0015047014622910837
0.0015017083874511597
0.001498751580970397
0.0014958304710279333
0.0014929444996983634
0.00149009312240833
0.0014872758074241353
0.0014844920353680744
0.0014817412987608433
0.0014790231015893499
0.0014763369588965
0.001473682396393059
0.0014710589500887517
0.0014684661659424489
0.0014659035995291097
0.0014633708157231798
0.0014608673883970186
0.0014583929001337863
0.0014559469419532162
0.0014535291130501702
0.0014511390205459607
0.0014487762792589989
0.0014464405114318778
0.0014441313464624052
0.0014418484210446446
0.0014395913785291484
0.0014373598689136334
0.0014351535486520149
0.0014329720804753807
0.0014308151332211702
0.0014286823816695023
0.0014265735063858673
0.0014244881935700166
0.0014224261349102378
0.001420387027443428
0.0014183705734199619
0.0014163764801736563
0.0014144044599960456
0.0014124542300153814
0.0014105255120784438
0.0014086180326295752
0.0014067315226118156
0.001404865717548435
0.0014030203572665506
0.0014011951850525677
0.0013993899488881371
0.0013976044007189194
0.0013958382963940173
0.0013940913955873865
0.0013923634617161837
0.0013906542618609553
0.001388963566686924
0.001387291150367951
0.0013856367905125408
0.0013840002680918398
0.0013823813673698867
0.0013807798758359072
0.001379195584138371
0.0013776282860207378
0.001376077778259476
0.0013745438606135932
0.0013730263357590836
0.0013715250091867407
0.0013700396892221062
0.0013685701869355195
0.0013671163160912415
0.0013656778930965798
0.0013642547369519247
0.0013628466692023828
0.0013614535138903611
0.001360075097509013
0.0013587112489577024
0.0013573617994977409
0.0013560265827097916
0.0013547054344517115
0.0013533981928181913
0.0013521046981007272
0.0013508247927488312
0.0013495583213321593
0.0013483051305032921
0.0013470650689618288
0.0013458379874188315
0.0013446237385623375
0.0013434221770236955
0.001342233159344407
0.0013410565439439849
0.001339892191088371
0.001338739962859707
0.0013375997231289823
0.001336471337514946
0.0013353546733103157
0.001334249599566156
0.0013331559871009777
0.001332073708265729
0.0013310026370355014
0.0013299426489794704
0.0013288936212427402
0.0013278554325036752
0.0013268279629578762
0.0013258110942933523
0.0013248047096672975
0.0013238086936825327
0.0013228229323649474
0.001321847313141621
0.0013208817248186063
0.0013199260575599947
0.0013189802028665224
0.001318044053555326
0.0013171175037396043
0.001316200448808725
0.0013152927854088948
0.0013143944114238219
0.001313505225956148
0.0013126251293088414
0.0013117540229671
0.0013108918095804968
0.0013100383929454226
0.0013091936779879665
0.0013083575707468016
0.0013075299783567777
0.0013067108090322637
0.00130589997205133
0.0013050973777395513
0.0013043029374546111
0.0013035165635709783
0.0013027381694641015
0.0013019676694957939
0.0013012049790104415
0.0013004500143155384
0.0012997026926127293
0.0012989629320732247
0.0012982306517768587
0.0012975057717075288
0.0012967882127377889
0.0012960778966154554
0.001295784839827408
0.0012957807170422954
0.0012957767594808873
0.001295772960452609
0.0012957693135415818
0.0012957658125948297
0.0012957624517118006
0.0012957592252334147
0.0012957561277322528
0.0012957531540028291
0.0012957502990523346
0.0012957475580917324
0.0039011892156461747
0.003872177323489062
0.0038433432110628885
0.0038167811316169144
0.0037911720409517687
0.003766302788007301
0.0037420602208496213
0.003718370558807224
0.003695180480970922
0.003672448966386522
0.003650143097318708
0.0036282356431694843
0.003606703554756709
0.0035855269688448168
0.003564688519165338
0.0035441728417785422
0.0035239662091565566
0.0035040562526422393
0.003484431747438557
0.0034650824429899776
0.0034459989270503454
0.0034271725152355877
0.0034085951601849906
0.00339025937603723
0.003372158175028338
0.0033542850138001067
0.0033366337475717574
0.003319198590741867
0.0033019740827959156
0.0032849550586274874
0.003268136622558791
0.003251514125483327
0.003235083144660498
0.0032188394657761995
0.0032027790669502836
0.00318689810442539
0.0031711928997148068
0.003155659928022167
0.0031402958077744675
0.003125097291133546
0.0031100612553706937
0.0030951846950053818
0.003080464714622682
0.0030658985222954105
0.003051483423546721
0.003037216815797051
0.00302309618324633
0.0030091190921483395
0.00299528318643925
0.0029815861836867633
0.002968025871330148
0.0029546001031847437
0.0029413067961874145
0.002928143927361941
0.002915109530985554
0.002902201695939749
0.002889418563230212
0.0028767583236622117
0.0028642192156591185
0.0028517995232129113
0.0028394975739565644
0.002827311737349143
0.0028152404229652823
0.0028032820788814377
0.002791435190151991
0.0027796982773688893
0.002768069895299005
0.0027565486315939327
0.002745133105567336
0.0027338219670353797
0.002722613895216127
0.002711507597684108
0.002700501809376564
0.00268959529164813
0.0026787868313709767
0.002668075240077642
0.0026574593531439924
0.0026469380290099326
0.0026365101484356647
0.0026261746137914385
0.0026159303483788894
0.0026057762957821837
0.002595711419247314
0.0025857347010880046
0.002575845142116773
0.002566041761099814
0.002556323594234426
0.0025466896946478167
0.0025371391319161675
0.0025276709916029236
0.002518284374815346
0.00250897839777839
0.0024997521914250725
0.0024906049010025083
0.002481535685692861
0.0024725437182484857
0.0024636281846406
0.0024547882837208375
0.0024460232268950894
0.002437332237809069
0.0024287145520450583
0.002420169416829339
0.0024116960907498253
0.0024032938434834458
0.0023949619555328505
0.002386699717972036
0.0023785064322004988
0.0023703814097055637
0.002362323971832531
0.002354333449562322
0.0023464091832963055
0.0023385505226480156
0.002330756826241472
0.002323027461515845
0.0023153618045362013
0.0023077592398100914
0.0023002191601097575
0.002292740966299723
0.002285324067169573
0.0022779678792717154
0.002270671826763939
0.002263435341256579
0.0022562578616641235
0.002249138834061096
0.00224207771154205
0.0022350739540855256
0.0022281270284218346
0.002221236407904518
0.00221440157238536
0.0022076220080928235
0.002200897207513786
0.0021942266692784665
0.0021876098980484256
0.0021810464044075377
0.002174535704755827
0.0021680773212060796
0.0021616707814831257
0.002155315618825714
0.002149011371890884
0.0021427575846607576
0.0021365538063516645
0.0021303995913255383
0.0021242944990034923
0.00211823809378152
0.0021122299449482427
0.0021062696266046445
0.0021003567175857272
0.0020944908013840334
0.0020886714660749684
0.0020828983042438737
0.002077170912914796
0.0020714888934808993
0.0020658518516364697
0.0020602593973104667
0.0020547111446015745
0.0020492067117147076
0.0020437457208989274
0.0020383277983867304
0.0020329525743346664
0.0020276196827652498
0.002022328761510124
0.0020170794521544447
0.002011871399982449
0.0020067042539241727
0.0020015776665032905
0.0019964912937860363
0.0019914447953311887
0.001986437834141076
0.001981470076613588
0.001976541192495157
0.0019716508548346854
0.001966798739938393
0.001961984527325562
0.001957207899685153
0.0019524685428332713
0.0019477661456714585
0.0019431004001457905
0.0019384710012067608
0.0019338776467699246
0.001929320037677292
0.0019247978776594423
0.0019203108732983474
0.0019158587339908857
0.0019114411719130253
0.0019070579019846649
0.0019027086418351123
0.0018983931117691859
0.0018941110347339264
0.0018898621362858985
0.001885646144559075
0.0018814627902332811
0.0018773118065031963
0.0018731929290478886
0.0018691058960008783
0.0018650504479207127
0.001861026327762044
0.001857033280847194
0.001853071054838199
0.0018491393997093215
0.001845238067720018
